    0     9     6     2    46     0    81    54
    0     9     6     2    46     0    81    54
    0     9     6     2    46     0    81    54
    0     9     6     2    46     0    81    54
    0     9     6     2    46     0    81    54
    0     9     6     2    46     0    81    54
    0     9     6     2    46     0    81    54
    0     9     6     2    46     0    81    54
    0    11    16     4    42     0    84    49
    0    15    26    11    38     1    88    43
    0    15    26    11    38     1    88    43
    0    15    26    11    38     1    88    42
    0    15    26    11    38     1    88    42
    0    15    26    11    38     1    88    41
    0    15    26    11    38     1    88    41
    0    15    26    11    38     1    88    40
    0    15    26    11    38     1    88    40
    0    15    26    11    38     1    88    39
    0    15    26    11    38     1    88    38
    0    15    26    11    38     1    88    38
    0    15    25    11    41     1    88    39
    0    15    23    11    45     2    89    40
    0    15    22    11    49     2    89    40
    0    15    20    11    53     2    90    41
    0    15    19    11    56     2    91    42
    0    15    17    11    60     3    91    42
    0    15    16    11    64     3    92    42
    0    13    14     9    68     4    93    43
    0    13    14     9    68     4    93    43
    0    13    14     9    68     4    93    43
    0    11    12     8    64     3   102    46
    0     8     9     6    59     2   111    50
    0     5     6     5    54     0   121    53
    0     5     6     5    54     0   121    55
    0     5     6     5    54     0   121    57
    0     5     6     5    54     0   121    59
    0     5     6     5    54     0   121    61
    0     5     6     5    54     0   121    61
    0     6    10     6    60     2   111    59
    0     9    14     9    66     3   101    57
    0    13    18    13    72     5    90    55
    0    13    18    13    72     5    90    55
    0    13    18    13    72     5    90    56
    0    13    18    13    72     5    90    56
    0    13    18    13    72     5    90    56
    0    13    18    13    72     5    90    56
    0    13    18    13    72     5    90    55
    0    13    18    13    72     5    90    55
    0    13    18    13    72     5    90    55
    0    13    17    13    71     5    90    56
    0    13    17    13    71     5    91    56
    0    13    16    11    70     4    91    56
    0    13    16    11    70     4    91    56
    0    13    15    11    69     4    92    57
    0    13    15    11    69     4    92    57
    0    13    14     9    68     4    93    57
    0    13    14     9    68     4    93    57
    0    13    14     9    68     4    93    57
    0    13    14     9    68     4    93    57
    0    13    14     9    68     4    93    57
    0    13    14     9    68     4    93    57
    0    13    14     9    68     4    93    57
    0    13    14     9    68     4    93    57
    0    13    14     9    68     4    93    57
    0    13    14     9    68     4    93    57
    0    11    10     4    57     2    87    59
    0     9     6     2    46     0    81    61
    0     9     6     2    46     0    81    61
    0     9     6     2    46     0    81    61
    0     9     6     2    46     0    81    61
    0     9     6     2    46     0    81    61
    0     9     6     2    46     0    81    61
    0     9     6     2    46     0    81    61
    0     9     6     2    46     0    81    61
    0     9     6     2    46     0    81    61
    0     9     6     2    46     0    81    61
    0     3    12     2    56     0    86    58
    0     0    19     0    67     0    91    55
    0     0    19     0    67     0    91    55
    0     0    19     0    67     0    91    55
    0     0    19     0    67     0    91    55
    0     0    19     0    67     0    91    55
    0     0    19     0    67     0    91    55
    0     0    19     0    67     0    91    55
